simID scen  seed	nr	nt	mu	nhd	var_case	var_casetest	var_readercase	var_error	var_reader	var_readertest
1	HL	1	3	2	0.75	25	0.3	0.3	0.2	0.2	0.0055	0.0055
2	HL	2	3	2	1.5	25	0.3	0.3	0.2	0.2	0.0055	0.0055
3	HL	3	3	2	2.5	25	0.3	0.3	0.2	0.2	0.0055	0.0055
4	LL	4	3	2	0.75	25	0.1	0.1	0.2	0.6	0.0055	0.0055
5	LL	5	3	2	1.5	25	0.1	0.1	0.2	0.6	0.0055	0.0055
6	LL	6	3	2	2.5	25	0.1	0.1	0.2	0.6	0.0055	0.0055
7	HH	7	3	2	0.75	25	0.3	0.3	0.2	0.2	0.011	0.011
8	HH	8	3	2	1.5	25	0.3	0.3	0.2	0.2	0.03	0.03
9	HH	9	3	2	2.5	25	0.3	0.3	0.2	0.2	0.056	0.056
10	LH	10	3	2	0.75	25	0.1	0.1	0.2	0.6	0.011	0.011
11	LH	11	3	2	1.5	25	0.1	0.1	0.2	0.6	0.03	0.03
12	LH	12	3	2	2.5	25	0.1	0.1	0.2	0.6	0.056	0.056
13	HL	13	5	2	0.75	25	0.3	0.3	0.2	0.2	0.0055	0.0055
14	HL	14	5	2	1.5	25	0.3	0.3	0.2	0.2	0.0055	0.0055
15	HL	15	5	2	2.5	25	0.3	0.3	0.2	0.2	0.0055	0.0055
16	LL	16	5	2	0.75	25	0.1	0.1	0.2	0.6	0.0055	0.0055
17	LL	17	5	2	1.5	25	0.1	0.1	0.2	0.6	0.0055	0.0055
18	LL	18	5	2	2.5	25	0.1	0.1	0.2	0.6	0.0055	0.0055
19	HH	19	5	2	0.75	25	0.3	0.3	0.2	0.2	0.011	0.011
20	HH	20	5	2	1.5	25	0.3	0.3	0.2	0.2	0.03	0.03
21	HH	21	5	2	2.5	25	0.3	0.3	0.2	0.2	0.056	0.056
22	LH	22	5	2	0.75	25	0.1	0.1	0.2	0.6	0.011	0.011
23	LH	23	5	2	1.5	25	0.1	0.1	0.2	0.6	0.03	0.03
24	LH	24	5	2	2.5	25	0.1	0.1	0.2	0.6	0.056	0.056
25	HL	25	10	2	0.75	25	0.3	0.3	0.2	0.2	0.0055	0.0055
26	HL	26	10	2	1.5	25	0.3	0.3	0.2	0.2	0.0055	0.0055
27	HL	27	10	2	2.5	25	0.3	0.3	0.2	0.2	0.0055	0.0055
28	LL	28	10	2	0.75	25	0.1	0.1	0.2	0.6	0.0055	0.0055
29	LL	29	10	2	1.5	25	0.1	0.1	0.2	0.6	0.0055	0.0055
30	LL	30	10	2	2.5	25	0.1	0.1	0.2	0.6	0.0055	0.0055
31	HH	31	10	2	0.75	25	0.3	0.3	0.2	0.2	0.011	0.011
32	HH	32	10	2	1.5	25	0.3	0.3	0.2	0.2	0.03	0.03
33	HH	33	10	2	2.5	25	0.3	0.3	0.2	0.2	0.056	0.056
34	LH	34	10	2	0.75	25	0.1	0.1	0.2	0.6	0.011	0.011
35	LH	35	10	2	1.5	25	0.1	0.1	0.2	0.6	0.03	0.03
36	LH	36	10	2	2.5	25	0.1	0.1	0.2	0.6	0.056	0.056
37	HL	37	3	2	0.75	50	0.3	0.3	0.2	0.2	0.0055	0.0055
38	HL	38	3	2	1.5	50	0.3	0.3	0.2	0.2	0.0055	0.0055
39	HL	39	3	2	2.5	50	0.3	0.3	0.2	0.2	0.0055	0.0055
40	LL	40	3	2	0.75	50	0.1	0.1	0.2	0.6	0.0055	0.0055
41	LL	41	3	2	1.5	50	0.1	0.1	0.2	0.6	0.0055	0.0055
42	LL	42	3	2	2.5	50	0.1	0.1	0.2	0.6	0.0055	0.0055
43	HH	43	3	2	0.75	50	0.3	0.3	0.2	0.2	0.011	0.011
44	HH	44	3	2	1.5	50	0.3	0.3	0.2	0.2	0.03	0.03
45	HH	45	3	2	2.5	50	0.3	0.3	0.2	0.2	0.056	0.056
46	LH	46	3	2	0.75	50	0.1	0.1	0.2	0.6	0.011	0.011
47	LH	47	3	2	1.5	50	0.1	0.1	0.2	0.6	0.03	0.03
48	LH	48	3	2	2.5	50	0.1	0.1	0.2	0.6	0.056	0.056
49	HL	49	5	2	0.75	50	0.3	0.3	0.2	0.2	0.0055	0.0055
50	HL	50	5	2	1.5	50	0.3	0.3	0.2	0.2	0.0055	0.0055
51	HL	51	5	2	2.5	50	0.3	0.3	0.2	0.2	0.0055	0.0055
52	LL	52	5	2	0.75	50	0.1	0.1	0.2	0.6	0.0055	0.0055
53	LL	53	5	2	1.5	50	0.1	0.1	0.2	0.6	0.0055	0.0055
54	LL	54	5	2	2.5	50	0.1	0.1	0.2	0.6	0.0055	0.0055
55	HH	55	5	2	0.75	50	0.3	0.3	0.2	0.2	0.011	0.011
56	HH	56	5	2	1.5	50	0.3	0.3	0.2	0.2	0.03	0.03
57	HH	57	5	2	2.5	50	0.3	0.3	0.2	0.2	0.056	0.056
58	LH	58	5	2	0.75	50	0.1	0.1	0.2	0.6	0.011	0.011
59	LH	59	5	2	1.5	50	0.1	0.1	0.2	0.6	0.03	0.03
60	LH	60	5	2	2.5	50	0.1	0.1	0.2	0.6	0.056	0.056
61	HL	61	10	2	0.75	50	0.3	0.3	0.2	0.2	0.0055	0.0055
62	HL	62	10	2	1.5	50	0.3	0.3	0.2	0.2	0.0055	0.0055
63	HL	63	10	2	2.5	50	0.3	0.3	0.2	0.2	0.0055	0.0055
64	LL	64	10	2	0.75	50	0.1	0.1	0.2	0.6	0.0055	0.0055
65	LL	65	10	2	1.5	50	0.1	0.1	0.2	0.6	0.0055	0.0055
66	LL	66	10	2	2.5	50	0.1	0.1	0.2	0.6	0.0055	0.0055
67	HH	67	10	2	0.75	50	0.3	0.3	0.2	0.2	0.011	0.011
68	HH	68	10	2	1.5	50	0.3	0.3	0.2	0.2	0.03	0.03
69	HH	69	10	2	2.5	50	0.3	0.3	0.2	0.2	0.056	0.056
70	LH	70	10	2	0.75	50	0.1	0.1	0.2	0.6	0.011	0.011
71	LH	71	10	2	1.5	50	0.1	0.1	0.2	0.6	0.03	0.03
72	LH	72	10	2	2.5	50	0.1	0.1	0.2	0.6	0.056	0.056
73	HL	73	3	2	0.75	100	0.3	0.3	0.2	0.2	0.0055	0.0055
74	HL	74	3	2	1.5	100	0.3	0.3	0.2	0.2	0.0055	0.0055
75	HL	75	3	2	2.5	100	0.3	0.3	0.2	0.2	0.0055	0.0055
76	LL	76	3	2	0.75	100	0.1	0.1	0.2	0.6	0.0055	0.0055
77	LL	77	3	2	1.5	100	0.1	0.1	0.2	0.6	0.0055	0.0055
78	LL	78	3	2	2.5	100	0.1	0.1	0.2	0.6	0.0055	0.0055
79	HH	79	3	2	0.75	100	0.3	0.3	0.2	0.2	0.011	0.011
80	HH	80	3	2	1.5	100	0.3	0.3	0.2	0.2	0.03	0.03
81	HH	81	3	2	2.5	100	0.3	0.3	0.2	0.2	0.056	0.056
82	LH	82	3	2	0.75	100	0.1	0.1	0.2	0.6	0.011	0.011
83	LH	83	3	2	1.5	100	0.1	0.1	0.2	0.6	0.03	0.03
84	LH	84	3	2	2.5	100	0.1	0.1	0.2	0.6	0.056	0.056
85	HL	85	5	2	0.75	100	0.3	0.3	0.2	0.2	0.0055	0.0055
86	HL	86	5	2	1.5	100	0.3	0.3	0.2	0.2	0.0055	0.0055
87	HL	87	5	2	2.5	100	0.3	0.3	0.2	0.2	0.0055	0.0055
88	LL	88	5	2	0.75	100	0.1	0.1	0.2	0.6	0.0055	0.0055
89	LL	89	5	2	1.5	100	0.1	0.1	0.2	0.6	0.0055	0.0055
90	LL	90	5	2	2.5	100	0.1	0.1	0.2	0.6	0.0055	0.0055
91	HH	91	5	2	0.75	100	0.3	0.3	0.2	0.2	0.011	0.011
92	HH	92	5	2	1.5	100	0.3	0.3	0.2	0.2	0.03	0.03
93	HH	93	5	2	2.5	100	0.3	0.3	0.2	0.2	0.056	0.056
94	LH	94	5	2	0.75	100	0.1	0.1	0.2	0.6	0.011	0.011
95	LH	95	5	2	1.5	100	0.1	0.1	0.2	0.6	0.03	0.03
96	LH	96	5	2	2.5	100	0.1	0.1	0.2	0.6	0.056	0.056
97	HL	97	10	2	0.75	100	0.3	0.3	0.2	0.2	0.0055	0.0055
98	HL	98	10	2	1.5	100	0.3	0.3	0.2	0.2	0.0055	0.0055
99	HL	99	10	2	2.5	100	0.3	0.3	0.2	0.2	0.0055	0.0055
100	LL	100	10	2	0.75	100	0.1	0.1	0.2	0.6	0.0055	0.0055
101	LL	101	10	2	1.5	100	0.1	0.1	0.2	0.6	0.0055	0.0055
102	LL	102	10	2	2.5	100	0.1	0.1	0.2	0.6	0.0055	0.0055
103	HH	103	10	2	0.75	100	0.3	0.3	0.2	0.2	0.011	0.011
104	HH	104	10	2	1.5	100	0.3	0.3	0.2	0.2	0.03	0.03
105	HH	105	10	2	2.5	100	0.3	0.3	0.2	0.2	0.056	0.056
106	LH	106	10	2	0.75	100	0.1	0.1	0.2	0.6	0.011	0.011
107	LH	107	10	2	1.5	100	0.1	0.1	0.2	0.6	0.03	0.03
108	LH	108	10	2	2.5	100	0.1	0.1	0.2	0.6	0.056	0.056