simID scen  seed	nr	nt	mu	nhd	var_case0	var_casetest0	var_readercase0	var_error0	var_case1	var_casetest1	var_readercase1	var_error1	var_reader	var_readertest
1	HL	1001	3	2	0.821	25	0.3	0.3	0.2	0.2	0.42	0.42	0.28	0.28	0.0066	0.0066
2	HL	1002	3	2	1.831	25	0.3	0.3	0.2	0.2	0.59	0.59	0.4	0.4	0.0082	0.0082
3	HL	1003	3	2	3.661	25	0.3	0.3	0.2	0.2	0.99	0.99	0.66	0.66	0.0118	0.0118
4	LL	1004	3	2	0.821	25	0.1	0.1	0.2	0.6	0.14	0.14	0.28	0.28	0.0066	0.0066
5	LL	1005	3	2	1.831	25	0.1	0.1	0.2	0.6	0.2	0.2	0.4	0.19	0.0082	0.0082
6	LL	1006	3	2	3.661	25	0.1	0.1	0.2	0.6	0.33	0.33	0.66	1.97	0.0118	0.0118
7	HH	1007	3	2	0.821	25	0.3	0.3	0.2	0.2	0.42	0.42	0.28	0.28	0.0132	0.0132
8	HH	1008	3	2	1.831	25	0.3	0.3	0.2	0.2	0.59	0.59	0.4	0.4	0.0447	0.0447
9	HH	1009	3	2	3.661	25	0.3	0.3	0.2	0.2	0.99	0.99	0.66	0.66	0.1201	0.1201
10	LH	1010	3	2	0.821	25	0.1	0.1	0.2	0.6	0.14	0.14	0.28	0.84	0.0132	0.0132
11	LH	1011	3	2	1.831	25	0.1	0.1	0.2	0.6	0.2	0.2	0.4	1.19	0.0447	0.0447
12	LH	1012	3	2	3.661	25	0.1	0.1	0.2	0.6	0.33	0.33	0.66	1.97	0.1201	0.1201
13	HL	1013	5	2	0.821	25	0.3	0.3	0.2	0.2	0.42	0.42	0.28	0.28	0.0066	0.0066
14	HL	1014	5	2	1.831	25	0.3	0.3	0.2	0.2	0.59	0.59	0.4	0.4	0.0082	0.0082
15	HL	1015	5	2	3.661	25	0.3	0.3	0.2	0.2	0.99	0.99	0.66	0.66	0.0118	0.0118
16	LL	1016	5	2	0.821	25	0.1	0.1	0.2	0.6	0.14	0.14	0.28	0.28	0.0066	0.0066
17	LL	1017	5	2	1.831	25	0.1	0.1	0.2	0.6	0.2	0.2	0.4	0.19	0.0082	0.0082
18	LL	1018	5	2	3.661	25	0.1	0.1	0.2	0.6	0.33	0.33	0.66	1.97	0.0118	0.0118
19	HH	1019	5	2	0.821	25	0.3	0.3	0.2	0.2	0.42	0.42	0.28	0.28	0.0132	0.0132
20	HH	1020	5	2	1.831	25	0.3	0.3	0.2	0.2	0.59	0.59	0.4	0.4	0.0447	0.0447
21	HH	1021	5	2	3.661	25	0.3	0.3	0.2	0.2	0.99	0.99	0.66	0.66	0.1201	0.1201
22	LH	1022	5	2	0.821	25	0.1	0.1	0.2	0.6	0.14	0.14	0.28	0.84	0.0132	0.0132
23	LH	1023	5	2	1.831	25	0.1	0.1	0.2	0.6	0.2	0.2	0.4	1.19	0.0447	0.0447
24	LH	1024	5	2	3.661	25	0.1	0.1	0.2	0.6	0.33	0.33	0.66	1.97	0.1201	0.1201
25	HL	1025	10	2	0.821	25	0.3	0.3	0.2	0.2	0.42	0.42	0.28	0.28	0.0066	0.0066
26	HL	1026	10	2	1.831	25	0.3	0.3	0.2	0.2	0.59	0.59	0.4	0.4	0.0082	0.0082
27	HL	1027	10	2	3.661	25	0.3	0.3	0.2	0.2	0.99	0.99	0.66	0.66	0.0118	0.0118
28	LL	1028	10	2	0.821	25	0.1	0.1	0.2	0.6	0.14	0.14	0.28	0.28	0.0066	0.0066
29	LL	1029	10	2	1.831	25	0.1	0.1	0.2	0.6	0.2	0.2	0.4	0.19	0.0082	0.0082
30	LL	1030	10	2	3.661	25	0.1	0.1	0.2	0.6	0.33	0.33	0.66	1.97	0.0118	0.0118
31	HH	1031	10	2	0.821	25	0.3	0.3	0.2	0.2	0.42	0.42	0.28	0.28	0.0132	0.0132
32	HH	1032	10	2	1.831	25	0.3	0.3	0.2	0.2	0.59	0.59	0.4	0.4	0.0447	0.0447
33	HH	1033	10	2	3.661	25	0.3	0.3	0.2	0.2	0.99	0.99	0.66	0.66	0.1201	0.1201
34	LH	1034	10	2	0.821	25	0.1	0.1	0.2	0.6	0.14	0.14	0.28	0.84	0.0132	0.0132
35	LH	1035	10	2	1.831	25	0.1	0.1	0.2	0.6	0.2	0.2	0.4	1.19	0.0447	0.0447
36	LH	1036	10	2	3.661	25	0.1	0.1	0.2	0.6	0.33	0.33	0.66	1.97	0.1201	0.1201
37	HL	1037	3	2	0.821	50	0.3	0.3	0.2	0.2	0.42	0.42	0.28	0.28	0.0066	0.0066
38	HL	1038	3	2	1.831	50	0.3	0.3	0.2	0.2	0.59	0.59	0.4	0.4	0.0082	0.0082
39	HL	1039	3	2	3.661	50	0.3	0.3	0.2	0.2	0.99	0.99	0.66	0.66	0.0118	0.0118
40	LL	1040	3	2	0.821	50	0.1	0.1	0.2	0.6	0.14	0.14	0.28	0.28	0.0066	0.0066
41	LL	1041	3	2	1.831	50	0.1	0.1	0.2	0.6	0.2	0.2	0.4	0.19	0.0082	0.0082
42	LL	1042	3	2	3.661	50	0.1	0.1	0.2	0.6	0.33	0.33	0.66	1.97	0.0118	0.0118
43	HH	1043	3	2	0.821	50	0.3	0.3	0.2	0.2	0.42	0.42	0.28	0.28	0.0132	0.0132
44	HH	1044	3	2	1.831	50	0.3	0.3	0.2	0.2	0.59	0.59	0.4	0.4	0.0447	0.0447
45	HH	1045	3	2	3.661	50	0.3	0.3	0.2	0.2	0.99	0.99	0.66	0.66	0.1201	0.1201
46	LH	1046	3	2	0.821	50	0.1	0.1	0.2	0.6	0.14	0.14	0.28	0.84	0.0132	0.0132
47	LH	1047	3	2	1.831	50	0.1	0.1	0.2	0.6	0.2	0.2	0.4	1.19	0.0447	0.0447
48	LH	1048	3	2	3.661	50	0.1	0.1	0.2	0.6	0.33	0.33	0.66	1.97	0.1201	0.1201
49	HL	1049	5	2	0.821	50	0.3	0.3	0.2	0.2	0.42	0.42	0.28	0.28	0.0066	0.0066
50	HL	1050	5	2	1.831	50	0.3	0.3	0.2	0.2	0.59	0.59	0.4	0.4	0.0082	0.0082
51	HL	1051	5	2	3.661	50	0.3	0.3	0.2	0.2	0.99	0.99	0.66	0.66	0.0118	0.0118
52	LL	1052	5	2	0.821	50	0.1	0.1	0.2	0.6	0.14	0.14	0.28	0.28	0.0066	0.0066
53	LL	1053	5	2	1.831	50	0.1	0.1	0.2	0.6	0.2	0.2	0.4	0.19	0.0082	0.0082
54	LL	1054	5	2	3.661	50	0.1	0.1	0.2	0.6	0.33	0.33	0.66	1.97	0.0118	0.0118
55	HH	1055	5	2	0.821	50	0.3	0.3	0.2	0.2	0.42	0.42	0.28	0.28	0.0132	0.0132
56	HH	1056	5	2	1.831	50	0.3	0.3	0.2	0.2	0.59	0.59	0.4	0.4	0.0447	0.0447
57	HH	1057	5	2	3.661	50	0.3	0.3	0.2	0.2	0.99	0.99	0.66	0.66	0.1201	0.1201
58	LH	1058	5	2	0.821	50	0.1	0.1	0.2	0.6	0.14	0.14	0.28	0.84	0.0132	0.0132
59	LH	1059	5	2	1.831	50	0.1	0.1	0.2	0.6	0.2	0.2	0.4	1.19	0.0447	0.0447
60	LH	1060	5	2	3.661	50	0.1	0.1	0.2	0.6	0.33	0.33	0.66	1.97	0.1201	0.1201
61	HL	1061	10	2	0.821	50	0.3	0.3	0.2	0.2	0.42	0.42	0.28	0.28	0.0066	0.0066
62	HL	1062	10	2	1.831	50	0.3	0.3	0.2	0.2	0.59	0.59	0.4	0.4	0.0082	0.0082
63	HL	1063	10	2	3.661	50	0.3	0.3	0.2	0.2	0.99	0.99	0.66	0.66	0.0118	0.0118
64	LL	1064	10	2	0.821	50	0.1	0.1	0.2	0.6	0.14	0.14	0.28	0.28	0.0066	0.0066
65	LL	1065	10	2	1.831	50	0.1	0.1	0.2	0.6	0.2	0.2	0.4	0.19	0.0082	0.0082
66	LL	1066	10	2	3.661	50	0.1	0.1	0.2	0.6	0.33	0.33	0.66	1.97	0.0118	0.0118
67	HH	1067	10	2	0.821	50	0.3	0.3	0.2	0.2	0.42	0.42	0.28	0.28	0.0132	0.0132
68	HH	1068	10	2	1.831	50	0.3	0.3	0.2	0.2	0.59	0.59	0.4	0.4	0.0447	0.0447
69	HH	1069	10	2	3.661	50	0.3	0.3	0.2	0.2	0.99	0.99	0.66	0.66	0.1201	0.1201
70	LH	1070	10	2	0.821	50	0.1	0.1	0.2	0.6	0.14	0.14	0.28	0.84	0.0132	0.0132
71	LH	1071	10	2	1.831	50	0.1	0.1	0.2	0.6	0.2	0.2	0.4	1.19	0.0447	0.0447
72	LH	1072	10	2	3.661	50	0.1	0.1	0.2	0.6	0.33	0.33	0.66	1.97	0.1201	0.1201
73	HL	1073	3	2	0.821	100	0.3	0.3	0.2	0.2	0.42	0.42	0.28	0.28	0.0066	0.0066
74	HL	1074	3	2	1.831	100	0.3	0.3	0.2	0.2	0.59	0.59	0.4	0.4	0.0082	0.0082
75	HL	1075	3	2	3.661	100	0.3	0.3	0.2	0.2	0.99	0.99	0.66	0.66	0.0118	0.0118
76	LL	1076	3	2	0.821	100	0.1	0.1	0.2	0.6	0.14	0.14	0.28	0.28	0.0066	0.0066
77	LL	1077	3	2	1.831	100	0.1	0.1	0.2	0.6	0.2	0.2	0.4	0.19	0.0082	0.0082
78	LL	1078	3	2	3.661	100	0.1	0.1	0.2	0.6	0.33	0.33	0.66	1.97	0.0118	0.0118
79	HH	1079	3	2	0.821	100	0.3	0.3	0.2	0.2	0.42	0.42	0.28	0.28	0.0132	0.0132
80	HH	1080	3	2	1.831	100	0.3	0.3	0.2	0.2	0.59	0.59	0.4	0.4	0.0447	0.0447
81	HH	1081	3	2	3.661	100	0.3	0.3	0.2	0.2	0.99	0.99	0.66	0.66	0.1201	0.1201
82	LH	1082	3	2	0.821	100	0.1	0.1	0.2	0.6	0.14	0.14	0.28	0.84	0.0132	0.0132
83	LH	1083	3	2	1.831	100	0.1	0.1	0.2	0.6	0.2	0.2	0.4	1.19	0.0447	0.0447
84	LH	1084	3	2	3.661	100	0.1	0.1	0.2	0.6	0.33	0.33	0.66	1.97	0.1201	0.1201
85	HL	1085	5	2	0.821	100	0.3	0.3	0.2	0.2	0.42	0.42	0.28	0.28	0.0066	0.0066
86	HL	1086	5	2	1.831	100	0.3	0.3	0.2	0.2	0.59	0.59	0.4	0.4	0.0082	0.0082
87	HL	1087	5	2	3.661	100	0.3	0.3	0.2	0.2	0.99	0.99	0.66	0.66	0.0118	0.0118
88	LL	1088	5	2	0.821	100	0.1	0.1	0.2	0.6	0.14	0.14	0.28	0.28	0.0066	0.0066
89	LL	1089	5	2	1.831	100	0.1	0.1	0.2	0.6	0.2	0.2	0.4	0.19	0.0082	0.0082
90	LL	1090	5	2	3.661	100	0.1	0.1	0.2	0.6	0.33	0.33	0.66	1.97	0.0118	0.0118
91	HH	1091	5	2	0.821	100	0.3	0.3	0.2	0.2	0.42	0.42	0.28	0.28	0.0132	0.0132
92	HH	1092	5	2	1.831	100	0.3	0.3	0.2	0.2	0.59	0.59	0.4	0.4	0.0447	0.0447
93	HH	1093	5	2	3.661	100	0.3	0.3	0.2	0.2	0.99	0.99	0.66	0.66	0.1201	0.1201
94	LH	1094	5	2	0.821	100	0.1	0.1	0.2	0.6	0.14	0.14	0.28	0.84	0.0132	0.0132
95	LH	1095	5	2	1.831	100	0.1	0.1	0.2	0.6	0.2	0.2	0.4	1.19	0.0447	0.0447
96	LH	1096	5	2	3.661	100	0.1	0.1	0.2	0.6	0.33	0.33	0.66	1.97	0.1201	0.1201
97	HL	1097	10	2	0.821	100	0.3	0.3	0.2	0.2	0.42	0.42	0.28	0.28	0.0066	0.0066
98	HL	1098	10	2	1.831	100	0.3	0.3	0.2	0.2	0.59	0.59	0.4	0.4	0.0082	0.0082
99	HL	1099	10	2	3.661	100	0.3	0.3	0.2	0.2	0.99	0.99	0.66	0.66	0.0118	0.0118
100	LL	1100	10	2	0.821	100	0.1	0.1	0.2	0.6	0.14	0.14	0.28	0.28	0.0066	0.0066
101	LL	1101	10	2	1.831	100	0.1	0.1	0.2	0.6	0.2	0.2	0.4	0.19	0.0082	0.0082
102	LL	1102	10	2	3.661	100	0.1	0.1	0.2	0.6	0.33	0.33	0.66	1.97	0.0118	0.0118
103	HH	1103	10	2	0.821	100	0.3	0.3	0.2	0.2	0.42	0.42	0.28	0.28	0.0132	0.0132
104	HH	1104	10	2	1.831	100	0.3	0.3	0.2	0.2	0.59	0.59	0.4	0.4	0.0447	0.0447
105	HH	1105	10	2	3.661	100	0.3	0.3	0.2	0.2	0.99	0.99	0.66	0.66	0.1201	0.1201
106	LH	1106	10	2	0.821	100	0.1	0.1	0.2	0.6	0.14	0.14	0.28	0.84	0.0132	0.0132
107	LH	1107	10	2	1.831	100	0.1	0.1	0.2	0.6	0.2	0.2	0.4	1.19	0.0447	0.0447
108	LH	1108	10	2	3.661	100	0.1	0.1	0.2	0.6	0.33	0.33	0.66	1.97	0.1201	0.1201